demand
1974
1919
1731
1668
1895
2369
1606
2468
2168
2535
1835
2355
1640
2026
2209
1845
1701
1938
2521
2104
1754
2314
1948
2052
2270
1613
1826
2386
2391
2539
2581
2063
1901
1661
1836
1740
2119
1770
2292
1669
2143
2153
2302
2132
2409
2192
2508
2120
1918
1951
2277
2507
2205
1800
1723
1889
2103
1869
2485
2162
2418
1872
1948
1816
2697
2629
2733
2694
1976
2430
2126
1926
1963
2274
1873
1811
2180
1861
2436
1902
1838
2422
2361
2083
2663
2133
2260
2271
2330
2648
2188
2382
2522
2402
2480
2773
2792
2322
2197
1928
2093
1945
2798
2575
2199
2390
2324
2669
2492
2751
2844
2717
2869
2284
2496
2345
2576
2302
2351
2186
2049
2610
2023
2957
2073
2077
2172
2129
2583
3009
2315
2549
2817
2610
2744
2103
2247
2859
2665
2650
3017
2954
2291
2322
2361
2402
2453
2351
2985
2681
2851
2662
2372
2794
3103
2515
3057
2385
2229
2569
2173
2665
3134
2628
2520
2587
2422
2648
3021
2605
2780
2967
2983
2343
3033
2957
3195
2507
3055
2282
2714
2250
2797
2969
2927
2420
2990
3203
2720
2267
2700
3010
3072
2917
2314
2390
3217
3030
3185
2762
2510
3137
2437
3239
3126
2674
2630
2966
2675
3149
2362
2624
2384
3201
2522
2435
3241
2987
3140
3360
3351
2503
2573
2785
2520
2412
2933
2535
3029
3114
3007
3033
2757
2514
2651
2995
3408
3006
2874
2777
2529
2500
3246
2938
3353
3441
3143
3239
3373
2618
3320
2781
3357
2778
3449
3086
2577
3360
3444
3076
2671
3101
3256
3345
3365
3214
2846
3111
2695
3571
3444
3475
2828
2878
3476
3535
2841
2935
3421
3455
3503
3361
3119
3378
2850
3256
2745
3545
2848
3145
3484
3305
3442
3156
3190
3368
3573
3666
2830
3643
2733
2948
3648
3587
3119
3356
3402
3516
3132
2821
3465
2926
3728
3592
3180
3630
3207
3622
2961
3109
3167
3035
3319
3293
3153
3800
2818
3573
3127
3375
3062
3125
3313
2992
2973
3640
3730
2939
3731
3778
3118
3824
3114
2895
3645
3301
3619
3859
3711
3059
3776
3299
3275
2980
3097
3511
3129
3504
3526
3139
3249
3079
3137
3926
3873
3430
3729
3759
3279
3195
3447
3520
3383
3215
3247
3215
3333
4008
3227
3726
3511
3726
3705
3319
3222
3624
3445
3298
3626
3887
3408
3431
3550
3878
3516
3814
3775
3797
3873
3335
3941
3176
3872
3567
3123
3690
3790
3263
3513
3773
3647
3929
3495
3645
3501
3317
3620
4020
4160
3440
3585
3516
4015
3265
3958
3771
3535
4061
3517
3840
3322
3877
3767
3584
4192
4083
4069
3946
3682
4187
4173
3508
3557
4188
3880
3718
3321
4215
3580
4169
3560
3522
3765
4043
3747
4042
3941
3974
4089
3831
4083
3965
4325
3631
3903
3623
4002
4350
4309
4111
4115
3415
3929
4372
4087
4164
4256
3819
4336
4263
4410
4098
3671
3718
4281
3849
4187
4367
4005
3817
4370
3560
4185
3929
4396
4329
4043
3616
3550
4065
